 sig=            1
 dt=   4.0000000000000001E-010
 steps=          500
 x0=   0.1949999928474426         1.396199941635132      
    8.123700141906738     
 u=    20000.00000000000     
 v_perp=    63000.00000000000     
 
istep          p0              t0              rout            zout
